33 64
11 59
53 86
13 36
77 20
98 92
47 97
35 73
18 43
36 22
85 41
7 83
13 63
31 9
53 69
42 36
12 28
95 32
55 62
47 10
63 52
7 67
53 98
86 86
87 84
2 92
41 75
49 16
5 81
35 86
12 37
49 76
98 82
68 63
80 35
97 57
48 75
50 48
46 74
0 3
16 56
69 69
71 50
30 75
74 17
17 27
86 51
37 79
13 46
93 65
53 31
79 71
65 18
5 0
86 31
51 31
91 29
14 25
93 20
48 19
96 27
20 95
12 39
50 61
75 36
3 80
53 21
77 52
22 87
60 4
35 28
7 95
36 86
80 52
3 60
62 90
48 64
28 88
65 34
40 80
58 44
54 99
11 28
97 44
34 91
68 52
83 33
47 62
40 59
85 97
8 39
47 13
35 18
74 75
64 80
16 65
54 91
69 36
69 93
25 51
